#No. Label Name:    R   G   B   A

  0  Unknown         0   0   0   0
 26  L_SFL         150  10 100 255
 29  L_7Pm          10 100  10 255
 36  L_5m           10  10 100 255
 37  L_5mv          10  10 100 255
 39  L_5L           10  10 100 255
 40  L_24dd         10  10 100 255
 41  L_24dv         10  10 100 255
 42  L_7AL          10 100  10 255
 43  L_SCEF         10  10 100 255
 44  L_6ma          10  10 100 255
 45  L_7Am          10 100  10 255
 46  L_7PL          10 100  10 255
 47  L_7PC          10 100  10 255
 48  L_LIPv         10 100  10 255
 49  L_VIP          10 100  10 255
 50  L_MIP          10 100  10 255
 55  L_6mp          10  10 100 255
 67  L_8Av         150  10 100 255
 68  L_8Ad         150  10 100 255
 70  L_8BL         150  10 100 255
 71  L_9p          150  10 100 255
 73  L_8C          150  10 100 255
 83  L_p9-46v      150  10 100 255
 84  L_46          150  10 100 255
 85  L_a9-46v      150  10 100 255
 86  L_9-46d       150  10 100 255
 87  L_9a          150  10 100 255
 95  L_LIPd         10 100  10 255
 97  L_i6-8        150  10 100 255
 98  L_s6-8        150  10 100 255
116  L_PFt         200 200  10 255
117  L_AIP          10 100  10 255
143  L_PGp         200 200  10 255
144  L_IP2         200 200  10 255
145  L_IP1         200 200  10 255
146  L_IP0         200 200  10 255
147  L_PFop        200 200  10 255
148  L_PF          200 200  10 255
149  L_PFm         200 200  10 255
150  L_PGi         200 200  10 255
151  L_PGs         200 200  10 255
206  R_SFL         150  10 100 255
209  R_7Pm          10 100  10 255
216  R_5m           10  10 100 255
217  R_5mv          10  10 100 255
219  R_5L           10  10 100 255
220  R_24dd         10  10 100 255
221  R_24dv         10  10 100 255
222  R_7AL          10 100  10 255
223  R_SCEF         10  10 100 255
224  R_6ma          10  10 100 255
225  R_7Am          10 100  10 255
226  R_7PL          10 100  10 255
227  R_7PC          10 100  10 255
228  R_LIPv         10 100  10 255
229  R_VIP          10 100  10 255
230  R_MIP          10 100  10 255
235  R_6mp          10  10 100 255
247  R_8Av         150  10 100 255
248  R_8Ad         150  10 100 255
250  R_8BL         150  10 100 255
251  R_9p          150  10 100 255
253  R_8C          150  10 100 255
263  R_p9-46v      150  10 100 255
264  R_46          150  10 100 255
265  R_a9-46v      150  10 100 255
266  R_9-46d       150  10 100 255
267  R_9a          150  10 100 255
275  R_LIPd         10 100  10 255
277  R_i6-8        150  10 100 255
278  R_s6-8        150  10 100 255
296  R_PFt         200 200  10 255
297  R_AIP          10 100  10 255
323  R_PGp         200 200  10 255
324  R_IP2         200 200  10 255
325  R_IP1         200 200  10 255
326  R_IP0         200 200  10 255
327  R_PFop        200 200  10 255
328  R_PF          200 200  10 255
329  R_PFm         200 200  10 255
330  R_PGi         200 200  10 255
331  R_PGs         200 200  10 255  